Value Iteration result
    0.3011    0.2475         #     0.845    0.9154         1
    0.3621         #    0.7059    0.7719    0.7347        -1
    0.4172         #    0.6537    0.7059         #    0.4569
     0.473    0.5364    0.5937     0.635    0.5772    0.5132

         3         4         #         2         2         1
         3         #         2         1         4         1
         3         #         1         1         #         3
         2         2         1         1         4         4



TDQ result
    0.2901    0.2387         #    0.8454    0.9181         1
    0.3519         #     0.705    0.7687    0.7343        -1
    0.4103         #    0.6517    0.7039         #    0.4568
    0.4674    0.5264    0.5833    0.6334    0.5786    0.5162

         3         4         #         2         2         1
         3         #         2         1         4         1
         3         #         1         1         #         3
         2         2         2         1         4         4
