0,0   0,1   #  0,3   0,4   0,5   1,0   #  1,2   1,3   1,4   1,5   2,0   #  2,2   2,3   #  2,5   3,0   3,1   3,2   3,3   3,4   3,5   
         0         0         #         0         0         1         0         #         0         0         0        -1         0         #         0         0         #         0         0         0         0         0         0         0
     -0.04     -0.04         #     -0.04     0.752         1     -0.04         #     -0.04  -0.04396    0.4522        -1     -0.04         #     -0.04  -0.04396         #     -0.04     -0.04     -0.04  -0.04396  -0.04435     -0.04  -0.04396
   -0.0796   -0.0796         #    0.5473    0.8712         1   -0.0796         #   -0.0796    0.4303    0.5936        -1   -0.0796         #  -0.08313    0.2882         #  -0.08274   -0.0796  -0.08274   -0.0874    0.1757   0.09121    0.0197
   -0.1188   -0.1188         #    0.7468     0.897         1   -0.1188         #    0.2847    0.6384    0.6346        -1   -0.1188         #    0.2078    0.5147         #  -0.04078   -0.1191   -0.1256    0.1296    0.3895    0.2866    0.1849
   -0.1576   -0.1576         #    0.8076    0.9036         1   -0.1576         #    0.5144    0.7134    0.6773        -1   -0.1579         #    0.4389    0.6194         #   0.09834   -0.1586   0.03773    0.3499    0.5136    0.4235    0.3234
    -0.196    -0.196         #    0.8262    0.9085         1   -0.1962         #    0.6194    0.7428    0.7053        -1   -0.1968         #    0.5553    0.6646         #    0.2356   -0.0453    0.2446    0.4749    0.5753    0.4995    0.4109
   -0.2341   -0.2341         #    0.8349    0.9118         1   -0.2348         #    0.6646    0.7568    0.7195        -1   -0.1149         #    0.6071    0.6853         #    0.3321    0.1379    0.3845    0.5358    0.6053    0.5383    0.4599
   -0.2717   -0.2717         #    0.8397    0.9135         1   -0.1774         #    0.6853    0.7641    0.7268        -1   0.04646         #    0.6307    0.6955         #      0.39    0.2828    0.4605     0.565      0.62    0.5576    0.4858
   -0.2343   -0.2794         #    0.8423    0.9144         1  -0.03834         #    0.6955    0.7679    0.7306        -1    0.1932         #    0.6421    0.7006         #     0.422    0.3718    0.4987    0.5793    0.6274    0.5673    0.4992
   -0.1212   -0.1913         #    0.8436    0.9149         1    0.1054         #    0.7006    0.7698    0.7326        -1    0.2928         #    0.6478    0.7032         #    0.4389    0.4208    0.5175    0.5864    0.6311    0.5722    0.5061
   0.01253  -0.06796         #    0.8443    0.9151         1    0.2127         #    0.7032    0.7708    0.7336        -1    0.3512         #    0.6507    0.7045         #    0.4477    0.4463    0.5269      0.59     0.633    0.5747    0.5096
     0.123   0.04395         #    0.8447    0.9152         1    0.2803         #    0.7045    0.7713    0.7341        -1     0.383         #    0.6522    0.7052         #    0.4522    0.4594    0.5316    0.5918     0.634    0.5759    0.5113
    0.1985    0.1259         #    0.8448    0.9153         1    0.3188         #    0.7052    0.7716    0.7344        -1    0.3997         #    0.6529    0.7056         #    0.4545    0.4661     0.534    0.5927    0.6345    0.5766    0.5123
    0.2446    0.1787         #    0.8449    0.9153         1    0.3397         #    0.7056    0.7717    0.7345        -1    0.4083         #    0.6533    0.7058         #    0.4557    0.4695    0.5352    0.5932    0.6348    0.5769    0.5127
    0.2709      0.21         #     0.845    0.9153         1    0.3506         #    0.7058    0.7718    0.7346        -1    0.4126         #    0.6535    0.7058         #    0.4563    0.4712    0.5358    0.5935    0.6349    0.5771     0.513
    0.2853    0.2275         #     0.845    0.9153         1    0.3562         #    0.7058    0.7719    0.7347        -1    0.4149         #    0.6536    0.7059         #    0.4566    0.4721    0.5361    0.5936     0.635    0.5771    0.5131
    0.2929     0.237         #     0.845    0.9154         1    0.3591         #    0.7059    0.7719    0.7347        -1     0.416         #    0.6537    0.7059         #    0.4568    0.4725    0.5363    0.5936     0.635    0.5772    0.5132
    0.2969    0.2421         #     0.845    0.9154         1    0.3606         #    0.7059    0.7719    0.7347        -1    0.4166         #    0.6537    0.7059         #    0.4569    0.4727    0.5364    0.5937     0.635    0.5772    0.5132
    0.2989    0.2447         #     0.845    0.9154         1    0.3613         #    0.7059    0.7719    0.7347        -1    0.4169         #    0.6537    0.7059         #    0.4569    0.4729    0.5364    0.5937     0.635    0.5772    0.5132
       0.3    0.2461         #     0.845    0.9154         1    0.3617         #    0.7059    0.7719    0.7347        -1    0.4171         #    0.6537    0.7059         #    0.4569    0.4729    0.5364    0.5937     0.635    0.5772    0.5132
    0.3006    0.2468         #     0.845    0.9154         1    0.3619         #    0.7059    0.7719    0.7347        -1    0.4171         #    0.6537    0.7059         #    0.4569     0.473    0.5364    0.5937     0.635    0.5772    0.5132
    0.3008    0.2471         #     0.845    0.9154         1     0.362         #    0.7059    0.7719    0.7347        -1    0.4172         #    0.6537    0.7059         #    0.4569     0.473    0.5364    0.5937     0.635    0.5772    0.5132
     0.301    0.2473         #     0.845    0.9154         1    0.3621         #    0.7059    0.7719    0.7347        -1    0.4172         #    0.6537    0.7059         #    0.4569     0.473    0.5364    0.5937     0.635    0.5772    0.5132
    0.3011    0.2474         #     0.845    0.9154         1    0.3621         #    0.7059    0.7719    0.7347        -1    0.4172         #    0.6537    0.7059         #    0.4569     0.473    0.5364    0.5937     0.635    0.5772    0.5132
    0.3011    0.2474         #     0.845    0.9154         1    0.3621         #    0.7059    0.7719    0.7347        -1    0.4172         #    0.6537    0.7059         #    0.4569     0.473    0.5364    0.5937     0.635    0.5772    0.5132
    0.3011    0.2475         #     0.845    0.9154         1    0.3621         #    0.7059    0.7719    0.7347        -1    0.4172         #    0.6537    0.7059         #    0.4569     0.473    0.5364    0.5937     0.635    0.5772    0.5132
    0.3011    0.2475         #     0.845    0.9154         1    0.3621         #    0.7059    0.7719    0.7347        -1    0.4172         #    0.6537    0.7059         #    0.4569     0.473    0.5364    0.5937     0.635    0.5772    0.5132
    0.3011    0.2475         #     0.845    0.9154         1    0.3621         #    0.7059    0.7719    0.7347        -1    0.4172         #    0.6537    0.7059         #    0.4569     0.473    0.5364    0.5937     0.635    0.5772    0.5132
    0.3011    0.2475         #     0.845    0.9154         1    0.3621         #    0.7059    0.7719    0.7347        -1    0.4172         #    0.6537    0.7059         #    0.4569     0.473    0.5364    0.5937     0.635    0.5772    0.5132
    0.3011    0.2475         #     0.845    0.9154         1    0.3621         #    0.7059    0.7719    0.7347        -1    0.4172         #    0.6537    0.7059         #    0.4569     0.473    0.5364    0.5937     0.635    0.5772    0.5132
    0.3011    0.2475         #     0.845    0.9154         1    0.3621         #    0.7059    0.7719    0.7347        -1    0.4172         #    0.6537    0.7059         #    0.4569     0.473    0.5364    0.5937     0.635    0.5772    0.5132
    0.3011    0.2475         #     0.845    0.9154         1    0.3621         #    0.7059    0.7719    0.7347        -1    0.4172         #    0.6537    0.7059         #    0.4569     0.473    0.5364    0.5937     0.635    0.5772    0.5132
    0.3011    0.2475         #     0.845    0.9154         1    0.3621         #    0.7059    0.7719    0.7347        -1    0.4172         #    0.6537    0.7059         #    0.4569     0.473    0.5364    0.5937     0.635    0.5772    0.5132
    0.3011    0.2475         #     0.845    0.9154         1    0.3621         #    0.7059    0.7719    0.7347        -1    0.4172         #    0.6537    0.7059         #    0.4569     0.473    0.5364    0.5937     0.635    0.5772    0.5132
    0.3011    0.2475         #     0.845    0.9154         1    0.3621         #    0.7059    0.7719    0.7347        -1    0.4172         #    0.6537    0.7059         #    0.4569     0.473    0.5364    0.5937     0.635    0.5772    0.5132
    0.3011    0.2475         #     0.845    0.9154         1    0.3621         #    0.7059    0.7719    0.7347        -1    0.4172         #    0.6537    0.7059         #    0.4569     0.473    0.5364    0.5937     0.635    0.5772    0.5132
    0.3011    0.2475         #     0.845    0.9154         1    0.3621         #    0.7059    0.7719    0.7347        -1    0.4172         #    0.6537    0.7059         #    0.4569     0.473    0.5364    0.5937     0.635    0.5772    0.5132
    0.3011    0.2475         #     0.845    0.9154         1    0.3621         #    0.7059    0.7719    0.7347        -1    0.4172         #    0.6537    0.7059         #    0.4569     0.473    0.5364    0.5937     0.635    0.5772    0.5132
    0.3011    0.2475         #     0.845    0.9154         1    0.3621         #    0.7059    0.7719    0.7347        -1    0.4172         #    0.6537    0.7059         #    0.4569     0.473    0.5364    0.5937     0.635    0.5772    0.5132
    0.3011    0.2475         #     0.845    0.9154         1    0.3621         #    0.7059    0.7719    0.7347        -1    0.4172         #    0.6537    0.7059         #    0.4569     0.473    0.5364    0.5937     0.635    0.5772    0.5132
    0.3011    0.2475         #     0.845    0.9154         1    0.3621         #    0.7059    0.7719    0.7347        -1    0.4172         #    0.6537    0.7059         #    0.4569     0.473    0.5364    0.5937     0.635    0.5772    0.5132
    0.3011    0.2475         #     0.845    0.9154         1    0.3621         #    0.7059    0.7719    0.7347        -1    0.4172         #    0.6537    0.7059         #    0.4569     0.473    0.5364    0.5937     0.635    0.5772    0.5132
    0.3011    0.2475         #     0.845    0.9154         1    0.3621         #    0.7059    0.7719    0.7347        -1    0.4172         #    0.6537    0.7059         #    0.4569     0.473    0.5364    0.5937     0.635    0.5772    0.5132
    0.3011    0.2475         #     0.845    0.9154         1    0.3621         #    0.7059    0.7719    0.7347        -1    0.4172         #    0.6537    0.7059         #    0.4569     0.473    0.5364    0.5937     0.635    0.5772    0.5132
    0.3011    0.2475         #     0.845    0.9154         1    0.3621         #    0.7059    0.7719    0.7347        -1    0.4172         #    0.6537    0.7059         #    0.4569     0.473    0.5364    0.5937     0.635    0.5772    0.5132
    0.3011    0.2475         #     0.845    0.9154         1    0.3621         #    0.7059    0.7719    0.7347        -1    0.4172         #    0.6537    0.7059         #    0.4569     0.473    0.5364    0.5937     0.635    0.5772    0.5132
    0.3011    0.2475         #     0.845    0.9154         1    0.3621         #    0.7059    0.7719    0.7347        -1    0.4172         #    0.6537    0.7059         #    0.4569     0.473    0.5364    0.5937     0.635    0.5772    0.5132
    0.3011    0.2475         #     0.845    0.9154         1    0.3621         #    0.7059    0.7719    0.7347        -1    0.4172         #    0.6537    0.7059         #    0.4569     0.473    0.5364    0.5937     0.635    0.5772    0.5132
    0.3011    0.2475         #     0.845    0.9154         1    0.3621         #    0.7059    0.7719    0.7347        -1    0.4172         #    0.6537    0.7059         #    0.4569     0.473    0.5364    0.5937     0.635    0.5772    0.5132
    0.3011    0.2475         #     0.845    0.9154         1    0.3621         #    0.7059    0.7719    0.7347        -1    0.4172         #    0.6537    0.7059         #    0.4569     0.473    0.5364    0.5937     0.635    0.5772    0.5132
