Value Iteration result
    0.3011    0.2475         #     0.845    0.9154         1
    0.3621         #    0.7059    0.7719    0.7347        -1
    0.4172         #    0.6537    0.7059         #    0.4569
     0.473    0.5364    0.5937     0.635    0.5772    0.5132

         3         4         #         2         2         1
         3         #         2         1         4         1
         3         #         1         1         #         3
         2         2         1         1         4         4



TDQ result
    0.2956    0.2435         #    0.8446    0.9108         1
    0.3567         #    0.7031    0.7701    0.7341        -1
    0.4115         #    0.6437    0.7041         #    0.3599
    0.4667     0.531    0.5849    0.6358    0.5737    0.4469

         3         4         #         2         2         1
         3         #         2         1         4         1
         3         #         2         1         #         3
         2         2         1         1         4         2
