Value Iteration result
    0.3011    0.2475         #     0.845    0.9154         1
    0.3621         #    0.7059    0.7719    0.7347        -1
    0.4172         #    0.6537    0.7059         #    0.4569
     0.473    0.5364    0.5937     0.635    0.5772    0.5132

         3         4         #         2         2         1
         3         #         2         1         4         1
         3         #         1         1         #         3
         2         2         1         1         4         4



TDQ result
    0.2872    0.2319         #    0.8422    0.9152         1
    0.3483         #    0.7073    0.7701     0.734        -1
    0.4038         #    0.6547    0.7035         #    -1.079
    0.4594    0.5208    0.5818    0.5272   -0.1573    -1.342

         3         4         #         2         2         1
         3         #         2         1         4         1
         3         #         1         1         #         1
         2         2         1         1         4         4
